team,pts,f,a,gd
Leicester,72,57,31,26
Spurs,65,60,25,35
Arsenal,59,55,33,22
Man City,57,58,33,25
Man Utd,53,39,30,9
West Ham,52,52,40,12
Southampton,50,44,34,10
Liverpool,48,50,42,8
Stoke,47,37,43,-6
Chelsea,44,49,42,7
Bournemouth,41,40,55,-15
West Brom,40,31,39,-8
Everton,40,52,43,9
Swansea,40,34,42,-8
Crystal Palace,38,35,42,-7
Watford,38,31,37,-6
Norwich,31,35,57,-22
Sunderland,27,36,57,-21
Newcastle,25,32,61,-29
Aston Villa,16,23,64,-41
