team,pts,f,a,gd
Leicester,69,55,31,24
Spurs,62,57,25,32
Arsenal,58,52,30,22
Man City,54,56,32,24
Man Utd,53,39,27,12
West Ham,51,49,37,12
Stoke,47,36,39,-3
Southampton,47,41,33,8
Liverpool,45,46,41,5
Chelsea,44,49,41,8
West Brom,40,30,37,-7
Bournemouth,38,38,54,-16
Everton,38,51,42,9
Watford,37,30,36,-6
Swansea,37,33,42,-9
Crystal Palace,34,34,42,-8
Norwich,31,35,56,-21
Sunderland,27,36,55,-19
Newcastle,25,31,58,-27
Aston Villa,16,22,62,-40
