team,pts,f,a,gd
Leicester,77,64,34,30
Spurs,70,67,28,39
Arsenal,67,59,34,25
Man City,64,68,38,30
Man Utd,60,43,31,12
West Ham,59,60,43,17
Southampton,57,53,39,14
Liverpool,55,59,48,11
Stoke,48,38,52,-14
Chelsea,48,55,48,7
Watford,44,36,42,-6
Everton,44,55,49,6
Swansea,43,37,50,-13
West Brom,41,32,46,-14
Bournemouth,41,43,63,-20
Crystal Palace,39,36,46,-10
Newcastle,33,39,64,-25
Sunderland,32,40,58,-18
Norwich,31,35,61,-26
Aston Villa,16,27,72,-45
